 -0.983327999754110       0.000000000000000E+000
 -0.983328688374865       7.890812275754096E-005
 -0.983330754027369       1.577922093364898E-004
 -0.983334196082405       2.366282308799073E-004
 -0.983339013491489       3.153921731719297E-004
 -0.983345204787192       3.940600439527312E-004
 -0.983352768083585       4.726078802267994E-004
 -0.983361701076814       5.510117555622953E-004
 -0.983372001045804       6.292477873792761E-004
 -0.983383664853084       7.072921442245610E-004
 -0.983396688945746       7.851210530310221E-004
 -0.983411069356524       8.627108063590917E-004
 -0.983426801705007       9.400377696182770E-004
 -0.983443881198968       1.017078388266486E-003
 -0.983462302635828       1.093809194984970E-003
 -0.983482060404239       1.170206816826694E-003
 -0.983503148485794       1.246247982335964E-003
 -0.983525560456858       1.321909528637140E-003
 -0.983549289490528       1.397168408490267E-003
 -0.983574328358711       1.472001697311494E-003
 -0.983600669434324       1.546386600156119E-003
 -0.983628304693621       1.620300458662154E-003
 -0.983657225718634       1.693720757952276E-003
 -0.983687423699739       1.766625133492086E-003
 -0.983718889438338       1.838991377902551E-003
 -0.983751613349663       1.910797447724598E-003
 -0.983785585465692       1.982021470133758E-003
 -0.983820795438191       2.052641749602841E-003
 -0.983857232541861       2.122636774510609E-003
 -0.983894885677606       2.191985223694417E-003
 -0.983933743375917       2.260665972944849E-003
 -0.983973793800364       2.328658101440359E-003
 -0.984015024751197       2.395940898119953E-003
 -0.984057423669071       2.462493867991980E-003
 -0.984100977638864       2.528296738377102E-003
 -0.984145673393615       2.593329465083554E-003
 -0.984191497318565       2.657572238512795E-003
 -0.984238435455301       2.721005489693704E-003
 -0.984286473506013       2.783609896243480E-003
 -0.984335596837845       2.845366388253427E-003
 -0.984385790487355       2.906256154097828E-003
 -0.984437039165070       2.966260646164156E-003
 -0.984489327260146       3.025361586502850E-003
 -0.984542638845125       3.083540972394959E-003
 -0.984596957680779       3.140781081835945E-003
 -0.984652267221066       3.197064478933974E-003
 -0.984708550618164       3.252374019221060E-003
 -0.984765790727605       3.306692854875438E-003
 -0.984823970113497       3.360004439853567E-003
 -0.984883071053836       3.412292534930223E-003
 -0.984943075545902       3.463541212645119E-003
 -0.985003965311747       3.513734862154566E-003
 -0.985065721803757       3.562858193986688E-003
 -0.985128326210306       3.610896244698738E-003
 -0.985191759461487       3.657834381435116E-003
 -0.985256002234916       3.703658306384671E-003
 -0.985321034961623       3.748354061135958E-003
 -0.985386837832008       3.791908030929102E-003
 -0.985453390801880       3.834306948802987E-003
 -0.985520673598560       3.875537899636501E-003
 -0.985588665727055       3.915588324082607E-003
 -0.985657346476306       3.954446022394042E-003
 -0.985726694925489       3.992099158139477E-003
 -0.985796689950397       4.028536261809009E-003
 -0.985867310229866       4.063746234307888E-003
 -0.985938534252275       4.097718350337403E-003
 -0.986010340322097       4.130442261661915E-003
 -0.986082706566508       4.161908000261033E-003
 -0.986155610942048       4.192105981365964E-003
 -0.986229031241338       4.221027006379128E-003
 -0.986302945099844       4.248662265676141E-003
 -0.986377330002688       4.275003341289314E-003
 -0.986452163291510       4.300042209471844E-003
 -0.986527422171363       4.323771243141924E-003
 -0.986603083717664       4.346183214206031E-003
 -0.986679124883173       4.367271295760668E-003
 -0.986755522505015       4.387029064171909E-003
 -0.986832253311734       4.405450501032099E-003
 -0.986909293930382       4.422529994993117E-003
 -0.986986620893641       4.438262343475650E-003
 -0.987064210646969       4.452642754253948E-003
 -0.987142039555775       4.465666846915581E-003
 -0.987220083912621       4.477330654195757E-003
 -0.987298319944438       4.487630623185790E-003
 -0.987376723819773       4.496563616415346E-003
 -0.987455271656047       4.504126912808153E-003
 -0.987533939526828       4.510318208510860E-003
 -0.987612703469120       4.515135617594822E-003
 -0.987691539490663       4.518577672630563E-003
 -0.987770423577242       4.520643325134776E-003
 -0.987849331700000       4.521331945889698E-003
 -0.987928239822757       4.520643325134776E-003
 -0.988007123909337       4.518577672630563E-003
 -0.988085959930880       4.515135617594822E-003
 -0.988164723873172       4.510318208510860E-003
 -0.988243391743953       4.504126912808153E-003
 -0.988321939580227       4.496563616415346E-003
 -0.988400343455562       4.487630623185791E-003
 -0.988478579487379       4.477330654195757E-003
 -0.988556623844225       4.465666846915580E-003
 -0.988634452753031       4.452642754253948E-003
 -0.988712042506359       4.438262343475650E-003
 -0.988789369469618       4.422529994993117E-003
 -0.988866410088267       4.405450501032099E-003
 -0.988943140894985       4.387029064171909E-003
 -0.989019538516827       4.367271295760668E-003
 -0.989095579682336       4.346183214206031E-003
 -0.989171241228637       4.323771243141925E-003
 -0.989246500108490       4.300042209471845E-003
 -0.989321333397312       4.275003341289315E-003
 -0.989395718300156       4.248662265676142E-003
 -0.989469632158662       4.221027006379128E-003
 -0.989543052457952       4.192105981365964E-003
 -0.989615956833492       4.161908000261034E-003
 -0.989688323077902       4.130442261661916E-003
 -0.989760129147725       4.097718350337403E-003
 -0.989831353170134       4.063746234307888E-003
 -0.989901973449603       4.028536261809009E-003
 -0.989971968474511       3.992099158139478E-003
 -0.990041316923694       3.954446022394043E-003
 -0.990109997672945       3.915588324082608E-003
 -0.990177989801440       3.875537899636502E-003
 -0.990245272598120       3.834306948802988E-003
 -0.990311825567992       3.791908030929102E-003
 -0.990377628438377       3.748354061135958E-003
 -0.990442661165084       3.703658306384672E-003
 -0.990506903938513       3.657834381435116E-003
 -0.990570337189694       3.610896244698738E-003
 -0.990632941596243       3.562858193986688E-003
 -0.990694698088254       3.513734862154567E-003
 -0.990755587854098       3.463541212645119E-003
 -0.990815592346164       3.412292534930222E-003
 -0.990874693286503       3.360004439853567E-003
 -0.990932872672395       3.306692854875438E-003
 -0.990990112781836       3.252374019221062E-003
 -0.991046396178934       3.197064478933974E-003
 -0.991101705719221       3.140781081835944E-003
 -0.991156024554876       3.083540972394960E-003
 -0.991209336139854       3.025361586502850E-003
 -0.991261624234930       2.966260646164156E-003
 -0.991312872912645       2.906256154097829E-003
 -0.991363066562155       2.845366388253429E-003
 -0.991412189893987       2.783609896243482E-003
 -0.991460227944699       2.721005489693703E-003
 -0.991507166081435       2.657572238512795E-003
 -0.991552990006385       2.593329465083555E-003
 -0.991597685761136       2.528296738377102E-003
 -0.991641239730929       2.462493867991979E-003
 -0.991683638648803       2.395940898119953E-003
 -0.991724869599636       2.328658101440360E-003
 -0.991764920024083       2.260665972944849E-003
 -0.991803777722394       2.191985223694417E-003
 -0.991841430858139       2.122636774510610E-003
 -0.991877867961809       2.052641749602842E-003
 -0.991913077934308       1.982021470133757E-003
 -0.991947050050337       1.910797447724599E-003
 -0.991979773961662       1.838991377902552E-003
 -0.992011239700261       1.766625133492088E-003
 -0.992041437681366       1.693720757952277E-003
 -0.992070358706379       1.620300458662153E-003
 -0.992097993965676       1.546386600156120E-003
 -0.992124335041289       1.472001697311496E-003
 -0.992149373909472       1.397168408490267E-003
 -0.992173102943142       1.321909528637141E-003
 -0.992195514914206       1.246247982335966E-003
 -0.992216602995761       1.170206816826695E-003
 -0.992236360764172       1.093809194984970E-003
 -0.992254782201032       1.017078388266485E-003
 -0.992271861694993       9.400377696182770E-004
 -0.992287594043476       8.627108063590925E-004
 -0.992301974454254       7.851210530310219E-004
 -0.992314998546916       7.072921442245615E-004
 -0.992326662354196       6.292477873792774E-004
 -0.992336962323186       5.510117555622956E-004
 -0.992345895316415       4.726078802268007E-004
 -0.992353458612808       3.940600439527334E-004
 -0.992359649908511       3.153921731719307E-004
 -0.992364467317595       2.366282308799072E-004
 -0.992367909372631       1.577922093364886E-004
 -0.992369975025135       7.890812275754062E-005
 -0.992370663645890       5.537034695416492E-019
 -0.992369975025135      -7.890812275753951E-005
 -0.992367909372631      -1.577922093364895E-004
 -0.992364467317595      -2.366282308799061E-004
 -0.992359649908511      -3.153921731719275E-004
 -0.992353458612808      -3.940600439527302E-004
 -0.992345895316415      -4.726078802267976E-004
 -0.992336962323186      -5.510117555622964E-004
 -0.992326662354196      -6.292477873792765E-004
 -0.992314998546916      -7.072921442245603E-004
 -0.992301974454254      -7.851210530310228E-004
 -0.992287594043476      -8.627108063590914E-004
 -0.992271861694993      -9.400377696182759E-004
 -0.992254782201032      -1.017078388266486E-003
 -0.992236360764172      -1.093809194984969E-003
 -0.992216602995761      -1.170206816826692E-003
 -0.992195514914206      -1.246247982335963E-003
 -0.992173102943142      -1.321909528637138E-003
 -0.992149373909472      -1.397168408490268E-003
 -0.992124335041289      -1.472001697311494E-003
 -0.992097993965676      -1.546386600156119E-003
 -0.992070358706379      -1.620300458662154E-003
 -0.992041437681366      -1.693720757952276E-003
 -0.992011239700261      -1.766625133492085E-003
 -0.991979773961662      -1.838991377902550E-003
 -0.991947050050337      -1.910797447724598E-003
 -0.991913077934308      -1.982021470133756E-003
 -0.991877867961809      -2.052641749602839E-003
 -0.991841430858139      -2.122636774510610E-003
 -0.991803777722394      -2.191985223694416E-003
 -0.991764920024083      -2.260665972944849E-003
 -0.991724869599636      -2.328658101440359E-003
 -0.991683638648803      -2.395940898119953E-003
 -0.991641239730929      -2.462493867991980E-003
 -0.991597685761136      -2.528296738377101E-003
 -0.991552990006385      -2.593329465083553E-003
 -0.991507166081435      -2.657572238512794E-003
 -0.991460227944699      -2.721005489693703E-003
 -0.991412189893987      -2.783609896243479E-003
 -0.991363066562155      -2.845366388253428E-003
 -0.991312872912645      -2.906256154097828E-003
 -0.991261624234930      -2.966260646164157E-003
 -0.991209336139854      -3.025361586502850E-003
 -0.991156024554876      -3.083540972394959E-003
 -0.991101705719221      -3.140781081835945E-003
 -0.991046396178934      -3.197064478933974E-003
 -0.990990112781836      -3.252374019221059E-003
 -0.990932872672395      -3.306692854875436E-003
 -0.990874693286503      -3.360004439853566E-003
 -0.990815592346164      -3.412292534930222E-003
 -0.990755587854098      -3.463541212645119E-003
 -0.990694698088254      -3.513734862154567E-003
 -0.990632941596243      -3.562858193986689E-003
 -0.990570337189694      -3.610896244698738E-003
 -0.990506903938513      -3.657834381435116E-003
 -0.990442661165084      -3.703658306384671E-003
 -0.990377628438377      -3.748354061135957E-003
 -0.990311825567992      -3.791908030929102E-003
 -0.990245272598120      -3.834306948802987E-003
 -0.990177989801440      -3.875537899636500E-003
 -0.990109997672945      -3.915588324082606E-003
 -0.990041316923694      -3.954446022394043E-003
 -0.989971968474511      -3.992099158139477E-003
 -0.989901973449603      -4.028536261809009E-003
 -0.989831353170134      -4.063746234307887E-003
 -0.989760129147725      -4.097718350337402E-003
 -0.989688323077902      -4.130442261661916E-003
 -0.989615956833492      -4.161908000261033E-003
 -0.989543052457952      -4.192105981365963E-003
 -0.989469632158662      -4.221027006379127E-003
 -0.989395718300156      -4.248662265676140E-003
 -0.989321333397312      -4.275003341289315E-003
 -0.989246500108490      -4.300042209471844E-003
 -0.989171241228637      -4.323771243141924E-003
 -0.989095579682336      -4.346183214206031E-003
 -0.989019538516827      -4.367271295760668E-003
 -0.988943140894985      -4.387029064171909E-003
 -0.988866410088267      -4.405450501032099E-003
 -0.988789369469618      -4.422529994993117E-003
 -0.988712042506359      -4.438262343475650E-003
 -0.988634452753031      -4.452642754253948E-003
 -0.988556623844225      -4.465666846915580E-003
 -0.988478579487379      -4.477330654195757E-003
 -0.988400343455562      -4.487630623185791E-003
 -0.988321939580227      -4.496563616415346E-003
 -0.988243391743953      -4.504126912808153E-003
 -0.988164723873172      -4.510318208510860E-003
 -0.988085959930880      -4.515135617594822E-003
 -0.988007123909337      -4.518577672630563E-003
 -0.987928239822757      -4.520643325134776E-003
 -0.987849331700000      -4.521331945889698E-003
 -0.987770423577242      -4.520643325134776E-003
 -0.987691539490663      -4.518577672630563E-003
 -0.987612703469120      -4.515135617594822E-003
 -0.987533939526828      -4.510318208510860E-003
 -0.987455271656047      -4.504126912808153E-003
 -0.987376723819773      -4.496563616415346E-003
 -0.987298319944438      -4.487630623185790E-003
 -0.987220083912621      -4.477330654195757E-003
 -0.987142039555775      -4.465666846915581E-003
 -0.987064210646969      -4.452642754253948E-003
 -0.986986620893641      -4.438262343475651E-003
 -0.986909293930382      -4.422529994993118E-003
 -0.986832253311734      -4.405450501032099E-003
 -0.986755522505015      -4.387029064171910E-003
 -0.986679124883173      -4.367271295760668E-003
 -0.986603083717664      -4.346183214206031E-003
 -0.986527422171363      -4.323771243141924E-003
 -0.986452163291510      -4.300042209471845E-003
 -0.986377330002688      -4.275003341289316E-003
 -0.986302945099844      -4.248662265676142E-003
 -0.986229031241338      -4.221027006379129E-003
 -0.986155610942048      -4.192105981365964E-003
 -0.986082706566508      -4.161908000261034E-003
 -0.986010340322097      -4.130442261661915E-003
 -0.985938534252275      -4.097718350337403E-003
 -0.985867310229866      -4.063746234307888E-003
 -0.985796689950397      -4.028536261809009E-003
 -0.985726694925489      -3.992099158139478E-003
 -0.985657346476306      -3.954446022394044E-003
 -0.985588665727055      -3.915588324082607E-003
 -0.985520673598560      -3.875537899636502E-003
 -0.985453390801880      -3.834306948802988E-003
 -0.985386837832008      -3.791908030929104E-003
 -0.985321034961623      -3.748354061135960E-003
 -0.985256002234916      -3.703658306384671E-003
 -0.985191759461487      -3.657834381435117E-003
 -0.985128326210306      -3.610896244698739E-003
 -0.985065721803757      -3.562858193986687E-003
 -0.985003965311747      -3.513734862154566E-003
 -0.984943075545902      -3.463541212645119E-003
 -0.984883071053836      -3.412292534930224E-003
 -0.984823970113497      -3.360004439853569E-003
 -0.984765790727605      -3.306692854875440E-003
 -0.984708550618164      -3.252374019221063E-003
 -0.984652267221066      -3.197064478933975E-003
 -0.984596957680779      -3.140781081835946E-003
 -0.984542638845125      -3.083540972394958E-003
 -0.984489327260146      -3.025361586502850E-003
 -0.984437039165070      -2.966260646164157E-003
 -0.984385790487355      -2.906256154097830E-003
 -0.984335596837845      -2.845366388253429E-003
 -0.984286473506013      -2.783609896243483E-003
 -0.984238435455301      -2.721005489693704E-003
 -0.984191497318565      -2.657572238512796E-003
 -0.984145673393615      -2.593329465083556E-003
 -0.984100977638864      -2.528296738377104E-003
 -0.984057423669071      -2.462493867991979E-003
 -0.984015024751197      -2.395940898119957E-003
 -0.983973793800364      -2.328658101440361E-003
 -0.983933743375917      -2.260665972944851E-003
 -0.983894885677606      -2.191985223694416E-003
 -0.983857232541861      -2.122636774510609E-003
 -0.983820795438191      -2.052641749602842E-003
 -0.983785585465692      -1.982021470133756E-003
 -0.983751613349663      -1.910797447724601E-003
 -0.983718889438338      -1.838991377902551E-003
 -0.983687423699739      -1.766625133492090E-003
 -0.983657225718634      -1.693720757952278E-003
 -0.983628304693621      -1.620300458662156E-003
 -0.983600669434324      -1.546386600156119E-003
 -0.983574328358711      -1.472001697311498E-003
 -0.983549289490528      -1.397168408490268E-003
 -0.983525560456858      -1.321909528637137E-003
 -0.983503148485794      -1.246247982335967E-003
 -0.983482060404239      -1.170206816826693E-003
 -0.983462302635828      -1.093809194984971E-003
 -0.983443881198968      -1.017078388266488E-003
 -0.983426801705007      -9.400377696182795E-004
 -0.983411069356524      -8.627108063590911E-004
 -0.983396688945746      -7.851210530310264E-004
 -0.983383664853084      -7.072921442245621E-004
 -0.983372001045804      -6.292477873792781E-004
 -0.983361701076814      -5.510117555622982E-004
 -0.983352768083585      -4.726078802267993E-004
 -0.983345204787192      -3.940600439527319E-004
 -0.983339013491489      -3.153921731719273E-004
 -0.983334196082405      -2.366282308799098E-004
 -0.983330754027369      -1.577922093364891E-004
 -0.983328688374865      -7.890812275754519E-005
 -0.983327999754110      -1.107406939083298E-018
 
 -0.977849331700000       0.000000000000000E+000
 -0.977850854748436       1.745240643728351E-004
 -0.977855423429809       3.489949670250097E-004
 -0.977863036352454       5.233595624294382E-004
 -0.977873691197402       6.975647374412530E-004
 -0.977887384719083       8.715574274765817E-004
 -0.977904112746317       1.045284632676535E-003
 -0.977923870183587       1.218693434051475E-003
 -0.977946651012584       1.391731009600654E-003
 -0.977972448294049       1.564344650402309E-003
 -0.978001254169878       1.736481776669303E-003
 -0.978033059865523       1.908089953765448E-003
 -0.978067855692662       2.079116908177593E-003
 -0.978105631052148       2.249510543438650E-003
 -0.978146374437240       2.419218955996678E-003
 -0.978190073437109       2.588190451025207E-003
 -0.978236714740617       2.756373558169992E-003
 -0.978286284140370       2.923717047227368E-003
 -0.978338766537048       3.090169943749474E-003
 -0.978394145944007       3.255681544571567E-003
 -0.978452405492141       3.420201433256687E-003
 -0.978513527435028       3.583679495453003E-003
 -0.978577493154332       3.746065934159120E-003
 -0.978644283165476       3.907311284892737E-003
 -0.978713877123574       4.067366430758002E-003
 -0.978786253829633       4.226182617406995E-003
 -0.978861391237008       4.383711467890774E-003
 -0.978939266458116       4.539904997395467E-003
 -0.979019855771411       4.694715627858908E-003
 -0.979103134628606       4.848096202463370E-003
 -0.979189077662156       4.999999999999999E-003
 -0.979277658692979       5.150380749100542E-003
 -0.979368850738436       5.299192642332049E-003
 -0.979462626020546       5.446390350150271E-003
 -0.979558955974450       5.591929034707469E-003
 -0.979657811257110       5.735764363510460E-003
 -0.979759161756251       5.877852522924732E-003
 -0.979862976599527       6.018150231520483E-003
 -0.979969224163933       6.156614753256582E-003
 -0.980077872085430       6.293203910498374E-003
 -0.980188887268810       6.427876096865392E-003
 -0.980302235897772       6.560590289905072E-003
 -0.980417883445226       6.691306063588582E-003
 -0.980535794683808       6.819983600624985E-003
 -0.980655933696614       6.946583704589972E-003
 -0.980778263888134       7.071067811865474E-003
 -0.980902747995410       7.193398003386511E-003
 -0.981029348099375       7.313537016191704E-003
 -0.981158025636411       7.431448254773942E-003
 -0.981288741410095       7.547095802227720E-003
 -0.981421455603135       7.660444431189781E-003
 -0.981556127789502       7.771459614569708E-003
 -0.981692716946743       7.880107536067221E-003
 -0.981831181468479       7.986355100472929E-003
 -0.981971479177075       8.090169943749474E-003
 -0.982113567336490       8.191520442889918E-003
 -0.982257402665292       8.290375725550417E-003
 -0.982402941349850       8.386705679454239E-003
 -0.982550139057668       8.480480961564259E-003
 -0.982698950950899       8.571673007021122E-003
 -0.982849331700000       8.660254037844387E-003
 -0.983001235497537       8.746197071393957E-003
 -0.983154616072141       8.829475928589270E-003
 -0.983309426702605       8.910065241883678E-003
 -0.983465620232109       8.987940462991671E-003
 -0.983623149082593       9.063077870366500E-003
 -0.983781965269242       9.135454576426009E-003
 -0.983942020415107       9.205048534524403E-003
 -0.984103265765841       9.271838545667875E-003
 -0.984265652204547       9.335804264972018E-003
 -0.984429130266743       9.396926207859084E-003
 -0.984593650155428       9.455185755993167E-003
 -0.984759161756251       9.510565162951536E-003
 -0.984925614652773       9.563047559630354E-003
 -0.985092958141830       9.612616959383188E-003
 -0.985261141248975       9.659258262890684E-003
 -0.985430112744003       9.702957262759965E-003
 -0.985599821156561       9.743700647852353E-003
 -0.985770214791822       9.781476007338056E-003
 -0.985941241746235       9.816271834476640E-003
 -0.986112849923331       9.848077530122080E-003
 -0.986284987049598       9.876883405951378E-003
 -0.986457600690399       9.902680687415703E-003
 -0.986630638265949       9.925461516413219E-003
 -0.986804047067323       9.945218953682734E-003
 -0.986977774272523       9.961946980917456E-003
 -0.987151766962559       9.975640502598242E-003
 -0.987325972137571       9.986295347545738E-003
 -0.987500336732975       9.993908270190957E-003
 -0.987674807635627       9.998476951563914E-003
 -0.987849331700000       1.000000000000000E-002
 -0.988023855764373       9.998476951563914E-003
 -0.988198326667025       9.993908270190957E-003
 -0.988372691262429       9.986295347545738E-003
 -0.988546896437441       9.975640502598242E-003
 -0.988720889127477       9.961946980917456E-003
 -0.988894616332677       9.945218953682734E-003
 -0.989068025134051       9.925461516413221E-003
 -0.989241062709601       9.902680687415703E-003
 -0.989413676350402       9.876883405951376E-003
 -0.989585813476669       9.848077530122080E-003
 -0.989757421653765       9.816271834476640E-003
 -0.989928448608178       9.781476007338056E-003
 -0.990098842243439       9.743700647852353E-003
 -0.990268550655997       9.702957262759965E-003
 -0.990437522151025       9.659258262890684E-003
 -0.990605705258170       9.612616959383188E-003
 -0.990773048747227       9.563047559630356E-003
 -0.990939501643750       9.510565162951536E-003
 -0.991105013244571       9.455185755993169E-003
 -0.991269533133257       9.396926207859084E-003
 -0.991433011195453       9.335804264972018E-003
 -0.991595397634159       9.271838545667875E-003
 -0.991756642984893       9.205048534524404E-003
 -0.991916698130758       9.135454576426011E-003
 -0.992075514317407       9.063077870366500E-003
 -0.992233043167891       8.987940462991669E-003
 -0.992389236697396       8.910065241883680E-003
 -0.992544047327859       8.829475928589271E-003
 -0.992697427902463       8.746197071393959E-003
 -0.992849331700000       8.660254037844387E-003
 -0.992999712449100       8.571673007021123E-003
 -0.993148524342332       8.480480961564261E-003
 -0.993295722050150       8.386705679454239E-003
 -0.993441260734708       8.290375725550417E-003
 -0.993585096063511       8.191520442889920E-003
 -0.993727184222925       8.090169943749474E-003
 -0.993867481931520       7.986355100472927E-003
 -0.994005946453257       7.880107536067221E-003
 -0.994142535610498       7.771459614569710E-003
 -0.994277207796865       7.660444431189781E-003
 -0.994409921989905       7.547095802227718E-003
 -0.994540637763588       7.431448254773943E-003
 -0.994669315300625       7.313537016191706E-003
 -0.994795915404590       7.193398003386514E-003
 -0.994920399511866       7.071067811865476E-003
 -0.995042729703386       6.946583704589972E-003
 -0.995162868716192       6.819983600624986E-003
 -0.995280779954774       6.691306063588583E-003
 -0.995396427502228       6.560590289905073E-003
 -0.995509776131190       6.427876096865395E-003
 -0.995620791314570       6.293203910498377E-003
 -0.995729439236067       6.156614753256584E-003
 -0.995835686800473       6.018150231520481E-003
 -0.995939501643749       5.877852522924732E-003
 -0.996040852142890       5.735764363510464E-003
 -0.996139707425550       5.591929034707469E-003
 -0.996236037379454       5.446390350150270E-003
 -0.996329812661564       5.299192642332049E-003
 -0.996421004707021       5.150380749100544E-003
 -0.996509585737844       4.999999999999999E-003
 -0.996595528771394       4.848096202463372E-003
 -0.996678807628589       4.694715627858911E-003
 -0.996759396941884       4.539904997395468E-003
 -0.996837272162992       4.383711467890773E-003
 -0.996912409570366       4.226182617406995E-003
 -0.996984786276426       4.067366430758004E-003
 -0.997054380234524       3.907311284892741E-003
 -0.997121170245668       3.746065934159122E-003
 -0.997185135964972       3.583679495453002E-003
 -0.997246257907859       3.420201433256689E-003
 -0.997304517455993       3.255681544571570E-003
 -0.997359896862951       3.090169943749475E-003
 -0.997412379259630       2.923717047227371E-003
 -0.997461948659383       2.756373558169997E-003
 -0.997508589962891       2.588190451025210E-003
 -0.997552288962760       2.419218955996678E-003
 -0.997593032347852       2.249510543438648E-003
 -0.997630807707338       2.079116908177593E-003
 -0.997665603534477       1.908089953765450E-003
 -0.997697409230122       1.736481776669303E-003
 -0.997726215105951       1.564344650402310E-003
 -0.997752012387416       1.391731009600658E-003
 -0.997774793216413       1.218693434051475E-003
 -0.997794550653683       1.045284632676537E-003
 -0.997811278680917       8.715574274765864E-004
 -0.997824972202598       6.975647374412552E-004
 -0.997835627047546       5.233595624294381E-004
 -0.997843239970191       3.489949670250070E-004
 -0.997847808651564       1.745240643728344E-004
 -0.997849331700000       1.224646799147353E-018
 -0.997847808651564      -1.745240643728319E-004
 -0.997843239970191      -3.489949670250090E-004
 -0.997835627047546      -5.233595624294355E-004
 -0.997824972202598      -6.975647374412483E-004
 -0.997811278680917      -8.715574274765794E-004
 -0.997794550653683      -1.045284632676531E-003
 -0.997774793216413      -1.218693434051477E-003
 -0.997752012387416      -1.391731009600655E-003
 -0.997726215105951      -1.564344650402307E-003
 -0.997697409230122      -1.736481776669305E-003
 -0.997665603534477      -1.908089953765447E-003
 -0.997630807707338      -2.079116908177591E-003
 -0.997593032347852      -2.249510543438650E-003
 -0.997552288962760      -2.419218955996675E-003
 -0.997508589962891      -2.588190451025203E-003
 -0.997461948659383      -2.756373558169990E-003
 -0.997412379259630      -2.923717047227364E-003
 -0.997359896862951      -3.090169943749477E-003
 -0.997304517455993      -3.255681544571568E-003
 -0.997246257907859      -3.420201433256686E-003
 -0.997185135964972      -3.583679495453004E-003
 -0.997121170245668      -3.746065934159120E-003
 -0.997054380234524      -3.907311284892735E-003
 -0.996984786276426      -4.067366430757998E-003
 -0.996912409570366      -4.226182617406993E-003
 -0.996837272162992      -4.383711467890771E-003
 -0.996759396941884      -4.539904997395462E-003
 -0.996678807628589      -4.694715627858908E-003
 -0.996595528771394      -4.848096202463370E-003
 -0.996509585737844      -5.000000000000001E-003
 -0.996421004707021      -5.150380749100542E-003
 -0.996329812661564      -5.299192642332048E-003
 -0.996236037379454      -5.446390350150271E-003
 -0.996139707425550      -5.591929034707467E-003
 -0.996040852142890      -5.735764363510459E-003
 -0.995939501643749      -5.877852522924731E-003
 -0.995835686800473      -6.018150231520481E-003
 -0.995729439236067      -6.156614753256579E-003
 -0.995620791314570      -6.293203910498376E-003
 -0.995509776131190      -6.427876096865392E-003
 -0.995396427502228      -6.560590289905074E-003
 -0.995280779954774      -6.691306063588582E-003
 -0.995162868716192      -6.819983600624984E-003
 -0.995042729703386      -6.946583704589974E-003
 -0.994920399511866      -7.071067811865474E-003
 -0.994795915404590      -7.193398003386509E-003
 -0.994669315300625      -7.313537016191702E-003
 -0.994540637763588      -7.431448254773940E-003
 -0.994409921989905      -7.547095802227717E-003
 -0.994277207796865      -7.660444431189779E-003
 -0.994142535610498      -7.771459614569712E-003
 -0.994005946453257      -7.880107536067221E-003
 -0.993867481931520      -7.986355100472929E-003
 -0.993727184222925      -8.090169943749474E-003
 -0.993585096063511      -8.191520442889916E-003
 -0.993441260734708      -8.290375725550414E-003
 -0.993295722050150      -8.386705679454241E-003
 -0.993148524342332      -8.480480961564259E-003
 -0.992999712449100      -8.571673007021122E-003
 -0.992849331700000      -8.660254037844385E-003
 -0.992697427902463      -8.746197071393959E-003
 -0.992544047327859      -8.829475928589270E-003
 -0.992389236697396      -8.910065241883678E-003
 -0.992233043167891      -8.987940462991669E-003
 -0.992075514317407      -9.063077870366497E-003
 -0.991916698130758      -9.135454576426011E-003
 -0.991756642984893      -9.205048534524403E-003
 -0.991595397634159      -9.271838545667873E-003
 -0.991433011195453      -9.335804264972016E-003
 -0.991269533133257      -9.396926207859082E-003
 -0.991105013244572      -9.455185755993169E-003
 -0.990939501643750      -9.510565162951536E-003
 -0.990773048747227      -9.563047559630354E-003
 -0.990605705258170      -9.612616959383190E-003
 -0.990437522151025      -9.659258262890684E-003
 -0.990268550655997      -9.702957262759965E-003
 -0.990098842243439      -9.743700647852351E-003
 -0.989928448608178      -9.781476007338056E-003
 -0.989757421653765      -9.816271834476639E-003
 -0.989585813476669      -9.848077530122080E-003
 -0.989413676350402      -9.876883405951376E-003
 -0.989241062709601      -9.902680687415703E-003
 -0.989068025134051      -9.925461516413221E-003
 -0.988894616332677      -9.945218953682734E-003
 -0.988720889127477      -9.961946980917456E-003
 -0.988546896437441      -9.975640502598242E-003
 -0.988372691262429      -9.986295347545738E-003
 -0.988198326667025      -9.993908270190957E-003
 -0.988023855764373      -9.998476951563914E-003
 -0.987849331700000      -1.000000000000000E-002
 -0.987674807635627      -9.998476951563914E-003
 -0.987500336732975      -9.993908270190957E-003
 -0.987325972137571      -9.986295347545738E-003
 -0.987151766962559      -9.975640502598243E-003
 -0.986977774272523      -9.961946980917456E-003
 -0.986804047067323      -9.945218953682734E-003
 -0.986630638265949      -9.925461516413219E-003
 -0.986457600690399      -9.902680687415703E-003
 -0.986284987049598      -9.876883405951378E-003
 -0.986112849923331      -9.848077530122082E-003
 -0.985941241746235      -9.816271834476640E-003
 -0.985770214791822      -9.781476007338058E-003
 -0.985599821156561      -9.743700647852353E-003
 -0.985430112744003      -9.702957262759966E-003
 -0.985261141248975      -9.659258262890682E-003
 -0.985092958141830      -9.612616959383188E-003
 -0.984925614652773      -9.563047559630354E-003
 -0.984759161756251      -9.510565162951536E-003
 -0.984593650155428      -9.455185755993170E-003
 -0.984429130266743      -9.396926207859086E-003
 -0.984265652204547      -9.335804264972021E-003
 -0.984103265765841      -9.271838545667875E-003
 -0.983942020415107      -9.205048534524404E-003
 -0.983781965269242      -9.135454576426007E-003
 -0.983623149082593      -9.063077870366500E-003
 -0.983465620232109      -8.987940462991671E-003
 -0.983309426702605      -8.910065241883680E-003
 -0.983154616072141      -8.829475928589271E-003
 -0.983001235497537      -8.746197071393961E-003
 -0.982849331700000      -8.660254037844387E-003
 -0.982698950950899      -8.571673007021123E-003
 -0.982550139057668      -8.480480961564263E-003
 -0.982402941349850      -8.386705679454242E-003
 -0.982257402665292      -8.290375725550421E-003
 -0.982113567336490      -8.191520442889918E-003
 -0.981971479177075      -8.090169943749476E-003
 -0.981831181468479      -7.986355100472931E-003
 -0.981692716946743      -7.880107536067217E-003
 -0.981556127789502      -7.771459614569708E-003
 -0.981421455603135      -7.660444431189782E-003
 -0.981288741410095      -7.547095802227723E-003
 -0.981158025636411      -7.431448254773946E-003
 -0.981029348099375      -7.313537016191710E-003
 -0.980902747995410      -7.193398003386518E-003
 -0.980778263888134      -7.071067811865477E-003
 -0.980655933696614      -6.946583704589976E-003
 -0.980535794683808      -6.819983600624983E-003
 -0.980417883445226      -6.691306063588582E-003
 -0.980302235897772      -6.560590289905074E-003
 -0.980188887268810      -6.427876096865396E-003
 -0.980077872085430      -6.293203910498379E-003
 -0.979969224163933      -6.156614753256589E-003
 -0.979862976599527      -6.018150231520483E-003
 -0.979759161756251      -5.877852522924734E-003
 -0.979657811257110      -5.735764363510465E-003
 -0.979558955974450      -5.591929034707474E-003
 -0.979462626020546      -5.446390350150270E-003
 -0.979368850738436      -5.299192642332058E-003
 -0.979277658692979      -5.150380749100545E-003
 -0.979189077662156      -5.000000000000004E-003
 -0.979103134628606      -4.848096202463369E-003
 -0.979019855771411      -4.694715627858908E-003
 -0.978939266458116      -4.539904997395470E-003
 -0.978861391237008      -4.383711467890771E-003
 -0.978786253829633      -4.226182617407000E-003
 -0.978713877123574      -4.067366430758002E-003
 -0.978644283165476      -3.907311284892748E-003
 -0.978577493154332      -3.746065934159124E-003
 -0.978513527435028      -3.583679495453008E-003
 -0.978452405492141      -3.420201433256686E-003
 -0.978394145944007      -3.255681544571575E-003
 -0.978338766537048      -3.090169943749476E-003
 -0.978286284140370      -2.923717047227363E-003
 -0.978236714740617      -2.756373558169998E-003
 -0.978190073437109      -2.588190451025207E-003
 -0.978146374437240      -2.419218955996679E-003
 -0.978105631052148      -2.249510543438654E-003
 -0.978067855692662      -2.079116908177599E-003
 -0.978033059865523      -1.908089953765447E-003
 -0.978001254169878      -1.736481776669313E-003
 -0.977972448294049      -1.564344650402311E-003
 -0.977946651012584      -1.391731009600659E-003
 -0.977923870183587      -1.218693434051481E-003
 -0.977904112746317      -1.045284632676534E-003
 -0.977887384719083      -8.715574274765832E-004
 -0.977873691197402      -6.975647374412476E-004
 -0.977863036352454      -5.233595624294437E-004
 -0.977855423429809      -3.489949670250082E-004
 -0.977850854748436      -1.745240643728445E-004
 -0.977849331700000      -2.449293598294706E-018
