  2.874311366940687E-002  0.000000000000000E+000
  2.874058655960980E-002  2.895781003753114E-004
  2.873300600000070E-002  5.790679924560425E-004
  2.872037429969147E-002  8.683814948167140E-004
  2.870269530642038E-002  1.157430479761864E-003
  2.867997440538006E-002  1.446126900170597E-003
  2.865221851757705E-002  1.734382816316593E-003
  2.861943609772366E-002  2.022110422655395E-003
  2.858163713166255E-002  2.309222074570833E-003
  2.853883313332495E-002  2.595630315072420E-003
  2.849103714122340E-002  2.881247901435600E-003
  2.843826371448010E-002  3.165987831776728E-003
  2.838052892839207E-002  3.449763371554684E-003
  2.831785036953445E-002  3.732488079991056E-003
  2.825024713040343E-002  4.014075836400839E-003
  2.817773980360056E-002  4.294440866425628E-003
  2.810035047555996E-002  4.573497768161322E-003
  2.801810271982064E-002  4.851161538172367E-003
  2.793102158984575E-002  5.127347597384625E-003
  2.783913361139106E-002  5.401971816848990E-003
  2.774246677442496E-002  5.674950543367866E-003
  2.764105052460239E-002  5.946200624976752E-003
  2.753491575429551E-002  6.215639436273132E-003
  2.742409479318349E-002  6.483184903584970E-003
  2.730862139840465E-002  6.748755529971155E-003
  2.718853074427365E-002  7.012270420046249E-003
  2.706385941156708E-002  7.273649304622007E-003
  2.693464537638060E-002  7.532812565158154E-003
  2.680092799856105E-002  7.789681258014961E-003
  2.666274800971706E-002  8.044177138500239E-003
  2.652014750081182E-002  8.296222684703434E-003
  2.637316990934175E-002  8.545741121109557E-003
  2.622186000610501E-002  8.792656441985737E-003
  2.606626388156388E-002  9.036893434533313E-003
  2.590642893180521E-002  9.278377701798377E-003
  2.574240384410306E-002  9.517035685333809E-003
  2.557423858208806E-002  9.752794687605894E-003
  2.540198437052810E-002  9.985582894138692E-003
  2.522569367972467E-002  1.021532939538942E-002
  2.504542020952997E-002  1.044196420834820E-002
  2.486121887298935E-002  1.066541829785553E-002
  2.467314577961434E-002  1.088562359763111E-002
  2.448125821829107E-002  1.110251303100745E-002
  2.428561463982958E-002  1.131602053136208E-002
  2.408627463915912E-002  1.152608106224211E-002
  2.388329893717493E-002  1.173263063717493E-002
  2.367674936224212E-002  1.193560633915911E-002
  2.346668883136208E-002  1.213494633982958E-002
  2.325318133100745E-002  1.233058991829107E-002
  2.303629189763111E-002  1.252247747961434E-002
  2.281608659785553E-002  1.271055057298935E-002
  2.259263250834820E-002  1.289475190952996E-002
  2.236599769538942E-002  1.307502537972467E-002
  2.213625119413869E-002  1.325131607052810E-002
  2.190346298760589E-002  1.342357028208806E-002
  2.166770398533381E-002  1.359173554410305E-002
  2.142904600179837E-002  1.375576063180521E-002
  2.118756173453332E-002  1.391559558156388E-002
  2.094332474198574E-002  1.407119170610500E-002
  2.069640942110956E-002  1.422250160934175E-002
  2.044689098470344E-002  1.436947920081182E-002
  2.019484543850024E-002  1.451207970971706E-002
  1.994034955801496E-002  1.465025969856104E-002
  1.968348086515816E-002  1.478397707638059E-002
  1.942431760462201E-002  1.491319111156708E-002
  1.916293872004625E-002  1.503786244427365E-002
  1.889942382997116E-002  1.515795309840465E-002
  1.863385320358497E-002  1.527342649318349E-002
  1.836630773627313E-002  1.538424745429551E-002
  1.809686892497675E-002  1.549038222460239E-002
  1.782561884336787E-002  1.559179847442495E-002
  1.755264011684899E-002  1.568846531139106E-002
  1.727801589738463E-002  1.578035328984575E-002
  1.700182983817237E-002  1.586743441982064E-002
  1.672416606816132E-002  1.594968217555996E-002
  1.644510916642563E-002  1.602707150360056E-002
  1.616474413640084E-002  1.609957883040343E-002
  1.588315637999105E-002  1.616718206953445E-002
  1.560043167155469E-002  1.622986062839207E-002
  1.531665613177673E-002  1.628759541448010E-002
  1.503191620143560E-002  1.634036884122340E-002
  1.474629861507242E-002  1.638816483332495E-002
  1.445989037457084E-002  1.643096883166255E-002
  1.417277872265540E-002  1.646876779772366E-002
  1.388505111631659E-002  1.650155021757705E-002
  1.359679520017060E-002  1.652930610538006E-002
  1.330809877976187E-002  1.655202700642038E-002
  1.301904979481672E-002  1.656970599969147E-002
  1.272973629245604E-002  1.658233770000070E-002
  1.244024640037531E-002  1.658991825960980E-002
  1.215066830000000E-002  1.659244536940687E-002
  1.186109019962469E-002  1.658991825960980E-002
  1.157160030754396E-002  1.658233770000070E-002
  1.128228680518329E-002  1.656970599969147E-002
  1.099323782023814E-002  1.655202700642038E-002
  1.070454139982940E-002  1.652930610538006E-002
  1.041628548368341E-002  1.650155021757705E-002
  1.012855787734461E-002  1.646876779772366E-002
  9.841446225429169E-003  1.643096883166255E-002
  9.555037984927578E-003  1.638816483332495E-002
  9.269420398564401E-003  1.634036884122340E-002
  8.984680468223273E-003  1.628759541448010E-002
  8.700904928445320E-003  1.622986062839207E-002
  8.418180220008948E-003  1.616718206953445E-002
  8.136592463599161E-003  1.609957883040343E-002
  7.856227433574371E-003  1.602707150360056E-002
  7.577170531838681E-003  1.594968217555996E-002
  7.299506761827636E-003  1.586743441982064E-002
  7.023320702615377E-003  1.578035328984575E-002
  6.748696483151014E-003  1.568846531139106E-002
  6.475717756632134E-003  1.559179847442495E-002
  6.204467675023248E-003  1.549038222460239E-002
  5.935028863726868E-003  1.538424745429551E-002
  5.667483396415032E-003  1.527342649318349E-002
  5.401912770028847E-003  1.515795309840465E-002
  5.138397879953753E-003  1.503786244427365E-002
  4.877018995377991E-003  1.491319111156708E-002
  4.617855734841848E-003  1.478397707638060E-002
  4.360987041985044E-003  1.465025969856105E-002
  4.106491161499762E-003  1.451207970971706E-002
  3.854445615296569E-003  1.436947920081182E-002
  3.604927178890441E-003  1.422250160934175E-002
  3.358011858014267E-003  1.407119170610500E-002
  3.113774865466688E-003  1.391559558156388E-002
  2.872290598201627E-003  1.375576063180521E-002
  2.633632614666195E-003  1.359173554410306E-002
  2.397873612394108E-003  1.342357028208806E-002
  2.165085405861307E-003  1.325131607052810E-002
  1.935338904610579E-003  1.307502537972467E-002
  1.708704091651806E-003  1.289475190952997E-002
  1.485250002144469E-003  1.271055057298935E-002
  1.265044702368887E-003  1.252247747961433E-002
  1.048155268992552E-003  1.233058991829107E-002
  8.346477686379198E-004  1.213494633982958E-002
  6.245872377578926E-004  1.193560633915912E-002
  4.180376628250739E-004  1.173263063717493E-002
  2.150619608408851E-004  1.152608106224211E-002
  1.572196017042213E-005  1.131602053136208E-002
 -1.799216182910637E-004  1.110251303100745E-002
 -3.718091796143363E-004  1.088562359763111E-002
 -5.598822729893493E-004  1.066541829785553E-002
 -7.440836095299625E-004  1.044196420834820E-002
 -9.243570797246702E-004  1.021532939538942E-002
 -1.100647770528099E-003  9.985582894138690E-003
 -1.272901982088058E-003  9.752794687605896E-003
 -1.441067244103049E-003  9.517035685333814E-003
 -1.605092331805212E-003  9.278377701798377E-003
 -1.764927281563883E-003  9.036893434533311E-003
 -1.920523406105002E-003  8.792656441985737E-003
 -2.071833309341749E-003  8.545741121109561E-003
 -2.218810900811824E-003  8.296222684703434E-003
 -2.361411409717060E-003  8.044177138500240E-003
 -2.499591398561042E-003  7.789681258014965E-003
 -2.633308776380593E-003  7.532812565158155E-003
 -2.762522811567077E-003  7.273649304622005E-003
 -2.887194144273649E-003  7.012270420046251E-003
 -3.007284798404650E-003  6.748755529971160E-003
 -3.122758193183490E-003  6.483184903584978E-003
 -3.233579154295504E-003  6.215639436273135E-003
 -3.339713924602385E-003  5.946200624976751E-003
 -3.441130174424951E-003  5.674950543367869E-003
 -3.537797011391064E-003  5.401971816848996E-003
 -3.629684989845748E-003  5.127347597384627E-003
 -3.716766119820636E-003  4.851161538172371E-003
 -3.799013875559951E-003  4.573497768161330E-003
 -3.876403203600554E-003  4.294440866425633E-003
 -3.948910530403433E-003  4.014075836400839E-003
 -4.016513769534449E-003  3.732488079991052E-003
 -4.079192328392073E-003  3.449763371554684E-003
 -4.136927114480101E-003  3.165987831776731E-003
 -4.189700541223397E-003  2.881247901435599E-003
 -4.237496533324947E-003  2.595630315072422E-003
 -4.280300531662552E-003  2.309222074570838E-003
 -4.318099497723663E-003  2.022110422655396E-003
 -4.350881917577050E-003  1.734382816316597E-003
 -4.378637805380059E-003  1.446126900170605E-003
 -4.401358706420382E-003  1.157430479761867E-003
 -4.419037699691465E-003  8.683814948167135E-004
 -4.431669400000698E-003  5.790679924560381E-004
 -4.439249959609797E-003  2.895781003753102E-004
 -4.441777069406870E-003  2.031988511167145E-018
 -4.439249959609797E-003 -2.895781003753062E-004
 -4.431669400000698E-003 -5.790679924560415E-004
 -4.419037699691465E-003 -8.683814948167094E-004
 -4.401358706420385E-003 -1.157430479761856E-003
 -4.378637805380059E-003 -1.446126900170593E-003
 -4.350881917577053E-003 -1.734382816316586E-003
 -4.318099497723663E-003 -2.022110422655400E-003
 -4.280300531662552E-003 -2.309222074570834E-003
 -4.237496533324950E-003 -2.595630315072417E-003
 -4.189700541223397E-003 -2.881247901435602E-003
 -4.136927114480101E-003 -3.165987831776726E-003
 -4.079192328392073E-003 -3.449763371554679E-003
 -4.016513769534449E-003 -3.732488079991056E-003
 -3.948910530403433E-003 -4.014075836400836E-003
 -3.876403203600557E-003 -4.294440866425621E-003
 -3.799013875559955E-003 -4.573497768161319E-003
 -3.716766119820636E-003 -4.851161538172361E-003
 -3.629684989845748E-003 -5.127347597384630E-003
 -3.537797011391064E-003 -5.401971816848991E-003
 -3.441130174424952E-003 -5.674950543367865E-003
 -3.339713924602385E-003 -5.946200624976755E-003
 -3.233579154295506E-003 -6.215639436273132E-003
 -3.122758193183493E-003 -6.483184903584968E-003
 -3.007284798404656E-003 -6.748755529971150E-003
 -2.887194144273651E-003 -7.012270420046246E-003
 -2.762522811567079E-003 -7.273649304622001E-003
 -2.633308776380600E-003 -7.532812565158145E-003
 -2.499591398561044E-003 -7.789681258014962E-003
 -2.361411409717061E-003 -8.044177138500237E-003
 -2.218810900811823E-003 -8.296222684703437E-003
 -2.071833309341750E-003 -8.545741121109557E-003
 -1.920523406105004E-003 -8.792656441985734E-003
 -1.764927281563881E-003 -9.036893434533313E-003
 -1.605092331805216E-003 -9.278377701798374E-003
 -1.441067244103056E-003 -9.517035685333805E-003
 -1.272901982088062E-003 -9.752794687605893E-003
 -1.100647770528101E-003 -9.985582894138688E-003
 -9.243570797246772E-004 -1.021532939538941E-002
 -7.440836095299642E-004 -1.044196420834820E-002
 -5.598822729893510E-004 -1.066541829785553E-002
 -3.718091796143345E-004 -1.088562359763111E-002
 -1.799216182910672E-004 -1.110251303100745E-002
  1.572196017042039E-005 -1.131602053136208E-002
  2.150619608408868E-004 -1.152608106224211E-002
  4.180376628250704E-004 -1.173263063717493E-002
  6.245872377578839E-004 -1.193560633915911E-002
  8.346477686379111E-004 -1.213494633982957E-002
  1.048155268992547E-003 -1.233058991829106E-002
  1.265044702368885E-003 -1.252247747961433E-002
  1.485250002144467E-003 -1.271055057298935E-002
  1.708704091651810E-003 -1.289475190952997E-002
  1.935338904610583E-003 -1.307502537972467E-002
  2.165085405861309E-003 -1.325131607052810E-002
  2.397873612394104E-003 -1.342357028208806E-002
  2.633632614666186E-003 -1.359173554410305E-002
  2.872290598201618E-003 -1.375576063180521E-002
  3.113774865466689E-003 -1.391559558156388E-002
  3.358011858014261E-003 -1.407119170610500E-002
  3.604927178890438E-003 -1.422250160934175E-002
  3.854445615296558E-003 -1.436947920081182E-002
  4.106491161499765E-003 -1.451207970971706E-002
  4.360987041985041E-003 -1.465025969856105E-002
  4.617855734841844E-003 -1.478397707638059E-002
  4.877018995377988E-003 -1.491319111156707E-002
  5.138397879953743E-003 -1.503786244427365E-002
  5.401912770028846E-003 -1.515795309840465E-002
  5.667483396415028E-003 -1.527342649318349E-002
  5.935028863726865E-003 -1.538424745429550E-002
  6.204467675023240E-003 -1.549038222460238E-002
  6.475717756632123E-003 -1.559179847442495E-002
  6.748696483151011E-003 -1.568846531139106E-002
  7.023320702615373E-003 -1.578035328984575E-002
  7.299506761827629E-003 -1.586743441982063E-002
  7.577170531838684E-003 -1.594968217555996E-002
  7.856227433574375E-003 -1.602707150360056E-002
  8.136592463599161E-003 -1.609957883040343E-002
  8.418180220008941E-003 -1.616718206953445E-002
  8.700904928445309E-003 -1.622986062839207E-002
  8.984680468223261E-003 -1.628759541448010E-002
  9.269420398564401E-003 -1.634036884122340E-002
  9.555037984927578E-003 -1.638816483332495E-002
  9.841446225429176E-003 -1.643096883166255E-002
  1.012855787734461E-002 -1.646876779772366E-002
  1.041628548368341E-002 -1.650155021757705E-002
  1.070454139982940E-002 -1.652930610538006E-002
  1.099323782023813E-002 -1.655202700642038E-002
  1.128228680518328E-002 -1.656970599969147E-002
  1.157160030754395E-002 -1.658233770000070E-002
  1.186109019962469E-002 -1.658991825960980E-002
  1.215066830000000E-002 -1.659244536940687E-002
  1.244024640037531E-002 -1.658991825960980E-002
  1.272973629245605E-002 -1.658233770000070E-002
  1.301904979481672E-002 -1.656970599969147E-002
  1.330809877976186E-002 -1.655202700642039E-002
  1.359679520017059E-002 -1.652930610538006E-002
  1.388505111631659E-002 -1.650155021757705E-002
  1.417277872265540E-002 -1.646876779772366E-002
  1.445989037457083E-002 -1.643096883166255E-002
  1.474629861507242E-002 -1.638816483332495E-002
  1.503191620143559E-002 -1.634036884122340E-002
  1.531665613177672E-002 -1.628759541448010E-002
  1.560043167155467E-002 -1.622986062839208E-002
  1.588315637999105E-002 -1.616718206953445E-002
  1.616474413640084E-002 -1.609957883040344E-002
  1.644510916642564E-002 -1.602707150360055E-002
  1.672416606816133E-002 -1.594968217555995E-002
  1.700182983817237E-002 -1.586743441982064E-002
  1.727801589738462E-002 -1.578035328984575E-002
  1.755264011684898E-002 -1.568846531139107E-002
  1.782561884336786E-002 -1.559179847442495E-002
  1.809686892497674E-002 -1.549038222460239E-002
  1.836630773627313E-002 -1.538424745429551E-002
  1.863385320358497E-002 -1.527342649318350E-002
  1.889942382997116E-002 -1.515795309840465E-002
  1.916293872004625E-002 -1.503786244427365E-002
  1.942431760462201E-002 -1.491319111156708E-002
  1.968348086515815E-002 -1.478397707638060E-002
  1.994034955801496E-002 -1.465025969856105E-002
  2.019484543850023E-002 -1.451207970971707E-002
  2.044689098470344E-002 -1.436947920081182E-002
  2.069640942110956E-002 -1.422250160934175E-002
  2.094332474198573E-002 -1.407119170610501E-002
  2.118756173453331E-002 -1.391559558156388E-002
  2.142904600179837E-002 -1.375576063180522E-002
  2.166770398533381E-002 -1.359173554410305E-002
  2.190346298760589E-002 -1.342357028208806E-002
  2.213625119413869E-002 -1.325131607052810E-002
  2.236599769538943E-002 -1.307502537972467E-002
  2.259263250834820E-002 -1.289475190952996E-002
  2.281608659785553E-002 -1.271055057298935E-002
  2.303629189763111E-002 -1.252247747961434E-002
  2.325318133100744E-002 -1.233058991829107E-002
  2.346668883136208E-002 -1.213494633982959E-002
  2.367674936224210E-002 -1.193560633915913E-002
  2.388329893717493E-002 -1.173263063717493E-002
  2.408627463915911E-002 -1.152608106224212E-002
  2.428561463982958E-002 -1.131602053136208E-002
  2.448125821829107E-002 -1.110251303100745E-002
  2.467314577961434E-002 -1.088562359763111E-002
  2.486121887298935E-002 -1.066541829785553E-002
  2.504542020952996E-002 -1.044196420834820E-002
  2.522569367972467E-002 -1.021532939538943E-002
  2.540198437052810E-002 -9.985582894138692E-003
  2.557423858208806E-002 -9.752794687605898E-003
  2.574240384410305E-002 -9.517035685333816E-003
  2.590642893180521E-002 -9.278377701798384E-003
  2.606626388156388E-002 -9.036893434533311E-003
  2.622186000610499E-002 -8.792656441985751E-003
  2.637316990934175E-002 -8.545741121109562E-003
  2.652014750081182E-002 -8.296222684703442E-003
  2.666274800971706E-002 -8.044177138500235E-003
  2.680092799856105E-002 -7.789681258014961E-003
  2.693464537638059E-002 -7.532812565158157E-003
  2.706385941156708E-002 -7.273649304622000E-003
  2.718853074427365E-002 -7.012270420046258E-003
  2.730862139840465E-002 -6.748755529971155E-003
  2.742409479318349E-002 -6.483184903584988E-003
  2.753491575429550E-002 -6.215639436273137E-003
  2.764105052460238E-002 -5.946200624976761E-003
  2.774246677442496E-002 -5.674950543367864E-003
  2.783913361139106E-002 -5.401971816849004E-003
  2.793102158984575E-002 -5.127347597384629E-003
  2.801810271982064E-002 -4.851161538172358E-003
  2.810035047555995E-002 -4.573497768161332E-003
  2.817773980360056E-002 -4.294440866425627E-003
  2.825024713040343E-002 -4.014075836400842E-003
  2.831785036953445E-002 -3.732488079991061E-003
  2.838052892839207E-002 -3.449763371554693E-003
  2.843826371448010E-002 -3.165987831776726E-003
  2.849103714122339E-002 -2.881247901435615E-003
  2.853883313332495E-002 -2.595630315072424E-003
  2.858163713166255E-002 -2.309222074570840E-003
  2.861943609772366E-002 -2.022110422655406E-003
  2.865221851757705E-002 -1.734382816316592E-003
  2.867997440538006E-002 -1.446126900170600E-003
  2.870269530642039E-002 -1.157430479761855E-003
  2.872037429969147E-002 -8.683814948167229E-004
  2.873300600000070E-002 -5.790679924560402E-004
  2.874058655960980E-002 -2.895781003753270E-004
  2.874311366940687E-002 -4.063977022334289E-018
 
  2.215066830000000E-002  0.000000000000000E+000
  2.214914525156391E-002  1.745240643728351E-004
  2.214457657019096E-002  3.489949670250097E-004
  2.213696364754574E-002  5.233595624294382E-004
  2.212630880259824E-002  6.975647374412530E-004
  2.211261528091746E-002  8.715574274765817E-004
  2.209588725368274E-002  1.045284632676535E-003
  2.207612981641322E-002  1.218693434051475E-003
  2.205334898741571E-002  1.391731009600654E-003
  2.202755170595138E-002  1.564344650402309E-003
  2.199874583012208E-002  1.736481776669303E-003
  2.196694013447664E-002  1.908089953765448E-003
  2.193214430733806E-002  2.079116908177593E-003
  2.189436894785235E-002  2.249510543438650E-003
  2.185362556275997E-002  2.419218955996678E-003
  2.180992656289069E-002  2.588190451025207E-003
  2.176328525938319E-002  2.756373558169992E-003
  2.171371585963035E-002  2.923717047227368E-003
  2.166123346295154E-002  3.090169943749474E-003
  2.160585405599317E-002  3.255681544571567E-003
  2.154759450785908E-002  3.420201433256687E-003
  2.148647256497202E-002  3.583679495453003E-003
  2.142250684566788E-002  3.746065934159120E-003
  2.135571683452440E-002  3.907311284892737E-003
  2.128612287642601E-002  4.067366430758002E-003
  2.121374617036650E-002  4.226182617406995E-003
  2.113860876299167E-002  4.383711467890774E-003
  2.106073354188368E-002  4.539904997395467E-003
  2.098014422858927E-002  4.694715627858908E-003
  2.089686537139396E-002  4.848096202463370E-003
  2.081092233784439E-002  4.999999999999999E-003
  2.072234130702112E-002  5.150380749100542E-003
  2.063114926156426E-002  5.299192642332049E-003
  2.053737397945424E-002  5.446390350150271E-003
  2.044104402555041E-002  5.591929034707469E-003
  2.034218874288992E-002  5.735764363510460E-003
  2.024083824374948E-002  5.877852522924732E-003
  2.013702340047293E-002  6.018150231520483E-003
  2.003077583606722E-002  6.156614753256582E-003
  1.992212791456971E-002  6.293203910498374E-003
  1.981111273118978E-002  6.427876096865392E-003
  1.969776410222772E-002  6.560590289905072E-003
  1.958211655477394E-002  6.691306063588582E-003
  1.946420531619171E-002  6.819983600624985E-003
  1.934406630338651E-002  6.946583704589972E-003
  1.922173611186548E-002  7.071067811865474E-003
  1.909725200458998E-002  7.193398003386511E-003
  1.897065190062499E-002  7.313537016191704E-003
  1.884197436358858E-002  7.431448254773942E-003
  1.871125858990507E-002  7.547095802227720E-003
  1.857854439686539E-002  7.660444431189781E-003
  1.844387221049838E-002  7.771459614569708E-003
  1.830728305325658E-002  7.880107536067221E-003
  1.816881853152048E-002  7.986355100472929E-003
  1.802852082292473E-002  8.090169943749474E-003
  1.788643266351046E-002  8.191520442889918E-003
  1.774259733470747E-002  8.290375725550417E-003
  1.759705865015027E-002  8.386705679454239E-003
  1.744986094233205E-002  8.480480961564259E-003
  1.730104904910055E-002  8.571673007021122E-003
  1.715066830000000E-002  8.660254037844387E-003
  1.699876450246337E-002  8.746197071393957E-003
  1.684538392785891E-002  8.829475928589270E-003
  1.669057329739547E-002  8.910065241883678E-003
  1.653437976789077E-002  8.987940462991671E-003
  1.637685091740700E-002  9.063077870366500E-003
  1.621803473075800E-002  9.135454576426009E-003
  1.605797958489274E-002  9.205048534524403E-003
  1.589673423415912E-002  9.271838545667875E-003
  1.573434779545300E-002  9.335804264972018E-003
  1.557086973325669E-002  9.396926207859084E-003
  1.540634984457157E-002  9.455185755993167E-003
  1.524083824374948E-002  9.510565162951536E-003
  1.507438534722737E-002  9.563047559630354E-003
  1.490704185816999E-002  9.612616959383188E-003
  1.473885875102521E-002  9.659258262890684E-003
  1.456988725599668E-002  9.702957262759965E-003
  1.440017884343865E-002  9.743700647852353E-003
  1.422978520817759E-002  9.781476007338056E-003
  1.405875825376545E-002  9.816271834476640E-003
  1.388715007666930E-002  9.848077530122080E-003
  1.371501295040231E-002  9.876883405951378E-003
  1.354239930960066E-002  9.902680687415703E-003
  1.336936173405148E-002  9.925461516413219E-003
  1.319595293267654E-002  9.945218953682734E-003
  1.302222572747658E-002  9.961946980917456E-003
  1.284823303744126E-002  9.975640502598242E-003
  1.267402786242944E-002  9.986295347545738E-003
  1.249966326702501E-002  9.993908270190957E-003
  1.232519236437283E-002  9.998476951563914E-003
  1.215066830000000E-002  1.000000000000000E-002
  1.197614423562717E-002  9.998476951563914E-003
  1.180167333297499E-002  9.993908270190957E-003
  1.162730873757056E-002  9.986295347545738E-003
  1.145310356255875E-002  9.975640502598242E-003
  1.127911087252342E-002  9.961946980917456E-003
  1.110538366732347E-002  9.945218953682734E-003
  1.093197486594853E-002  9.925461516413221E-003
  1.075893729039935E-002  9.902680687415703E-003
  1.058632364959769E-002  9.876883405951376E-003
  1.041418652333070E-002  9.848077530122080E-003
  1.024257834623455E-002  9.816271834476640E-003
  1.007155139182241E-002  9.781476007338056E-003
  9.901157756561352E-003  9.743700647852353E-003
  9.731449344003322E-003  9.702957262759965E-003
  9.562477848974791E-003  9.659258262890684E-003
  9.394294741830010E-003  9.612616959383188E-003
  9.226951252772633E-003  9.563047559630356E-003
  9.060498356250528E-003  9.510565162951536E-003
  8.894986755428436E-003  9.455185755993169E-003
  8.730466866743314E-003  9.396926207859084E-003
  8.566988804546998E-003  9.335804264972018E-003
  8.404602365840879E-003  9.271838545667875E-003
  8.243357015107264E-003  9.205048534524404E-003
  8.083301869241999E-003  9.135454576426011E-003
  7.924485682593007E-003  9.063077870366500E-003
  7.766956832109225E-003  8.987940462991669E-003
  7.610763302604533E-003  8.910065241883680E-003
  7.455952672141095E-003  8.829475928589271E-003
  7.302572097536630E-003  8.746197071393959E-003
  7.150668300000003E-003  8.660254037844387E-003
  7.000287550899458E-003  8.571673007021123E-003
  6.851475657667952E-003  8.480480961564261E-003
  6.704277949849729E-003  8.386705679454239E-003
  6.558739265292534E-003  8.290375725550417E-003
  6.414903936489542E-003  8.191520442889920E-003
  6.272815777075270E-003  8.090169943749474E-003
  6.132518068479516E-003  7.986355100472927E-003
  5.994053546743417E-003  7.880107536067221E-003
  5.857464389501628E-003  7.771459614569710E-003
  5.722792203134606E-003  7.660444431189781E-003
  5.590078010094925E-003  7.547095802227718E-003
  5.459362236411418E-003  7.431448254773943E-003
  5.330684699375017E-003  7.313537016191706E-003
  5.204084595410030E-003  7.193398003386514E-003
  5.079600488134526E-003  7.071067811865476E-003
  4.957270296613489E-003  6.946583704589972E-003
  4.837131283808296E-003  6.819983600624986E-003
  4.719220045226060E-003  6.691306063588583E-003
  4.603572497772280E-003  6.560590289905073E-003
  4.490223868810221E-003  6.427876096865395E-003
  4.379208685430293E-003  6.293203910498377E-003
  4.270560763932781E-003  6.156614753256584E-003
  4.164313199527071E-003  6.018150231520481E-003
  4.060498356250527E-003  5.877852522924732E-003
  3.959147857110084E-003  5.735764363510464E-003
  3.860292574449585E-003  5.591929034707469E-003
  3.763962620545758E-003  5.446390350150270E-003
  3.670187338435741E-003  5.299192642332049E-003
  3.578995292978879E-003  5.150380749100544E-003
  3.490414262155614E-003  4.999999999999999E-003
  3.404471228606043E-003  4.848096202463372E-003
  3.321192371410733E-003  4.694715627858911E-003
  3.240603058116322E-003  4.539904997395468E-003
  3.162727837008330E-003  4.383711467890773E-003
  3.087590429633500E-003  4.226182617406995E-003
  3.015213723573993E-003  4.067366430758004E-003
  2.945619765475598E-003  3.907311284892741E-003
  2.878829754332127E-003  3.746065934159122E-003
  2.814864035027983E-003  3.583679495453002E-003
  2.753742092140916E-003  3.420201433256689E-003
  2.695482544006833E-003  3.255681544571570E-003
  2.640103137048464E-003  3.090169943749475E-003
  2.587620740369646E-003  2.923717047227371E-003
  2.538051340616814E-003  2.756373558169997E-003
  2.491410037109319E-003  2.588190451025210E-003
  2.447711037240036E-003  2.419218955996678E-003
  2.406967652147648E-003  2.249510543438648E-003
  2.369192292661944E-003  2.079116908177593E-003
  2.334396465523360E-003  1.908089953765450E-003
  2.302590769877920E-003  1.736481776669303E-003
  2.273784894048624E-003  1.564344650402310E-003
  2.247987612584297E-003  1.391731009600658E-003
  2.225206783586781E-003  1.218693434051475E-003
  2.205449346317266E-003  1.045284632676537E-003
  2.188721319082544E-003  8.715574274765864E-004
  2.175027797401759E-003  6.975647374412552E-004
  2.164372952454263E-003  5.233595624294381E-004
  2.156760029809043E-003  3.489949670250070E-004
  2.152191348436087E-003  1.745240643728344E-004
  2.150668300000000E-003  1.224646799147353E-018
  2.152191348436087E-003 -1.745240643728319E-004
  2.156760029809043E-003 -3.489949670250090E-004
  2.164372952454263E-003 -5.233595624294355E-004
  2.175027797401757E-003 -6.975647374412483E-004
  2.188721319082544E-003 -8.715574274765794E-004
  2.205449346317266E-003 -1.045284632676531E-003
  2.225206783586781E-003 -1.218693434051477E-003
  2.247987612584297E-003 -1.391731009600655E-003
  2.273784894048623E-003 -1.564344650402307E-003
  2.302590769877920E-003 -1.736481776669305E-003
  2.334396465523360E-003 -1.908089953765447E-003
  2.369192292661944E-003 -2.079116908177591E-003
  2.406967652147648E-003 -2.249510543438650E-003
  2.447711037240036E-003 -2.419218955996675E-003
  2.491410037109317E-003 -2.588190451025203E-003
  2.538051340616812E-003 -2.756373558169990E-003
  2.587620740369645E-003 -2.923717047227364E-003
  2.640103137048464E-003 -3.090169943749477E-003
  2.695482544006833E-003 -3.255681544571568E-003
  2.753742092140916E-003 -3.420201433256686E-003
  2.814864035027983E-003 -3.583679495453004E-003
  2.878829754332126E-003 -3.746065934159120E-003
  2.945619765475596E-003 -3.907311284892735E-003
  3.015213723573990E-003 -4.067366430757998E-003
  3.087590429633500E-003 -4.226182617406993E-003
  3.162727837008330E-003 -4.383711467890771E-003
  3.240603058116319E-003 -4.539904997395462E-003
  3.321192371410731E-003 -4.694715627858908E-003
  3.404471228606041E-003 -4.848096202463370E-003
  3.490414262155614E-003 -5.000000000000001E-003
  3.578995292978877E-003 -5.150380749100542E-003
  3.670187338435740E-003 -5.299192642332048E-003
  3.763962620545760E-003 -5.446390350150271E-003
  3.860292574449581E-003 -5.591929034707467E-003
  3.959147857110080E-003 -5.735764363510459E-003
  4.060498356250525E-003 -5.877852522924731E-003
  4.164313199527070E-003 -6.018150231520481E-003
  4.270560763932778E-003 -6.156614753256579E-003
  4.379208685430292E-003 -6.293203910498376E-003
  4.490223868810220E-003 -6.427876096865392E-003
  4.603572497772281E-003 -6.560590289905074E-003
  4.719220045226058E-003 -6.691306063588582E-003
  4.837131283808294E-003 -6.819983600624984E-003
  4.957270296613490E-003 -6.946583704589974E-003
  5.079600488134523E-003 -7.071067811865474E-003
  5.204084595410025E-003 -7.193398003386509E-003
  5.330684699375011E-003 -7.313537016191702E-003
  5.459362236411415E-003 -7.431448254773940E-003
  5.590078010094924E-003 -7.547095802227717E-003
  5.722792203134605E-003 -7.660444431189779E-003
  5.857464389501629E-003 -7.771459614569712E-003
  5.994053546743420E-003 -7.880107536067221E-003
  6.132518068479517E-003 -7.986355100472929E-003
  6.272815777075268E-003 -8.090169943749474E-003
  6.414903936489537E-003 -8.191520442889916E-003
  6.558739265292528E-003 -8.290375725550414E-003
  6.704277949849731E-003 -8.386705679454241E-003
  6.851475657667951E-003 -8.480480961564259E-003
  7.000287550899455E-003 -8.571673007021122E-003
  7.150668299999996E-003 -8.660254037844385E-003
  7.302572097536632E-003 -8.746197071393959E-003
  7.455952672141093E-003 -8.829475928589270E-003
  7.610763302604531E-003 -8.910065241883678E-003
  7.766956832109223E-003 -8.987940462991669E-003
  7.924485682593001E-003 -9.063077870366497E-003
  8.083301869241999E-003 -9.135454576426011E-003
  8.243357015107262E-003 -9.205048534524403E-003
  8.404602365840877E-003 -9.271838545667873E-003
  8.566988804546993E-003 -9.335804264972016E-003
  8.730466866743307E-003 -9.396926207859082E-003
  8.894986755428434E-003 -9.455185755993169E-003
  9.060498356250526E-003 -9.510565162951536E-003
  9.226951252772630E-003 -9.563047559630354E-003
  9.394294741830012E-003 -9.612616959383190E-003
  9.562477848974793E-003 -9.659258262890684E-003
  9.731449344003322E-003 -9.702957262759965E-003
  9.901157756561347E-003 -9.743700647852351E-003
  1.007155139182240E-002 -9.781476007338056E-003
  1.024257834623454E-002 -9.816271834476639E-003
  1.041418652333070E-002 -9.848077530122080E-003
  1.058632364959769E-002 -9.876883405951376E-003
  1.075893729039935E-002 -9.902680687415703E-003
  1.093197486594853E-002 -9.925461516413221E-003
  1.110538366732347E-002 -9.945218953682734E-003
  1.127911087252342E-002 -9.961946980917456E-003
  1.145310356255875E-002 -9.975640502598242E-003
  1.162730873757056E-002 -9.986295347545738E-003
  1.180167333297498E-002 -9.993908270190957E-003
  1.197614423562716E-002 -9.998476951563914E-003
  1.215066830000000E-002 -1.000000000000000E-002
  1.232519236437283E-002 -9.998476951563914E-003
  1.249966326702501E-002 -9.993908270190957E-003
  1.267402786242944E-002 -9.986295347545738E-003
  1.284823303744125E-002 -9.975640502598243E-003
  1.302222572747658E-002 -9.961946980917456E-003
  1.319595293267653E-002 -9.945218953682734E-003
  1.336936173405148E-002 -9.925461516413219E-003
  1.354239930960065E-002 -9.902680687415703E-003
  1.371501295040231E-002 -9.876883405951378E-003
  1.388715007666930E-002 -9.848077530122082E-003
  1.405875825376544E-002 -9.816271834476640E-003
  1.422978520817759E-002 -9.781476007338058E-003
  1.440017884343865E-002 -9.743700647852353E-003
  1.456988725599668E-002 -9.702957262759966E-003
  1.473885875102521E-002 -9.659258262890682E-003
  1.490704185816999E-002 -9.612616959383188E-003
  1.507438534722737E-002 -9.563047559630354E-003
  1.524083824374947E-002 -9.510565162951536E-003
  1.540634984457156E-002 -9.455185755993170E-003
  1.557086973325668E-002 -9.396926207859086E-003
  1.573434779545300E-002 -9.335804264972021E-003
  1.589673423415912E-002 -9.271838545667875E-003
  1.605797958489273E-002 -9.205048534524404E-003
  1.621803473075801E-002 -9.135454576426007E-003
  1.637685091740700E-002 -9.063077870366500E-003
  1.653437976789077E-002 -8.987940462991671E-003
  1.669057329739547E-002 -8.910065241883680E-003
  1.684538392785891E-002 -8.829475928589271E-003
  1.699876450246337E-002 -8.746197071393961E-003
  1.715066830000000E-002 -8.660254037844387E-003
  1.730104904910054E-002 -8.571673007021123E-003
  1.744986094233205E-002 -8.480480961564263E-003
  1.759705865015027E-002 -8.386705679454242E-003
  1.774259733470746E-002 -8.290375725550421E-003
  1.788643266351046E-002 -8.191520442889918E-003
  1.802852082292473E-002 -8.090169943749476E-003
  1.816881853152048E-002 -7.986355100472931E-003
  1.830728305325659E-002 -7.880107536067217E-003
  1.844387221049838E-002 -7.771459614569708E-003
  1.857854439686539E-002 -7.660444431189782E-003
  1.871125858990507E-002 -7.547095802227723E-003
  1.884197436358858E-002 -7.431448254773946E-003
  1.897065190062498E-002 -7.313537016191710E-003
  1.909725200458997E-002 -7.193398003386518E-003
  1.922173611186547E-002 -7.071067811865477E-003
  1.934406630338651E-002 -6.946583704589976E-003
  1.946420531619171E-002 -6.819983600624983E-003
  1.958211655477394E-002 -6.691306063588582E-003
  1.969776410222772E-002 -6.560590289905074E-003
  1.981111273118978E-002 -6.427876096865396E-003
  1.992212791456971E-002 -6.293203910498379E-003
  2.003077583606722E-002 -6.156614753256589E-003
  2.013702340047293E-002 -6.018150231520483E-003
  2.024083824374948E-002 -5.877852522924734E-003
  2.034218874288992E-002 -5.735764363510465E-003
  2.044104402555041E-002 -5.591929034707474E-003
  2.053737397945424E-002 -5.446390350150270E-003
  2.063114926156425E-002 -5.299192642332058E-003
  2.072234130702112E-002 -5.150380749100545E-003
  2.081092233784439E-002 -5.000000000000004E-003
  2.089686537139396E-002 -4.848096202463369E-003
  2.098014422858927E-002 -4.694715627858908E-003
  2.106073354188368E-002 -4.539904997395470E-003
  2.113860876299167E-002 -4.383711467890771E-003
  2.121374617036650E-002 -4.226182617407000E-003
  2.128612287642601E-002 -4.067366430758002E-003
  2.135571683452440E-002 -3.907311284892748E-003
  2.142250684566787E-002 -3.746065934159124E-003
  2.148647256497202E-002 -3.583679495453008E-003
  2.154759450785908E-002 -3.420201433256686E-003
  2.160585405599317E-002 -3.255681544571575E-003
  2.166123346295154E-002 -3.090169943749476E-003
  2.171371585963036E-002 -2.923717047227363E-003
  2.176328525938319E-002 -2.756373558169998E-003
  2.180992656289069E-002 -2.588190451025207E-003
  2.185362556275997E-002 -2.419218955996679E-003
  2.189436894785235E-002 -2.249510543438654E-003
  2.193214430733806E-002 -2.079116908177599E-003
  2.196694013447664E-002 -1.908089953765447E-003
  2.199874583012208E-002 -1.736481776669313E-003
  2.202755170595138E-002 -1.564344650402311E-003
  2.205334898741571E-002 -1.391731009600659E-003
  2.207612981641322E-002 -1.218693434051481E-003
  2.209588725368274E-002 -1.045284632676534E-003
  2.211261528091746E-002 -8.715574274765832E-004
  2.212630880259824E-002 -6.975647374412476E-004
  2.213696364754574E-002 -5.233595624294437E-004
  2.214457657019096E-002 -3.489949670250082E-004
  2.214914525156391E-002 -1.745240643728445E-004
  2.215066830000000E-002 -2.449293598294706E-018
 
  5.215066830000000E-002  0.000000000000000E+000
  5.214457610625566E-002  6.980962574913405E-004
  5.212630138076383E-002  1.395979868100039E-003
  5.209584969018295E-002  2.093438249717753E-003
  5.205323031039297E-002  2.790258949765012E-003
  5.199845622366982E-002  3.486229709906327E-003
  5.193154411473094E-002  4.181138530706139E-003
  5.185251436565288E-002  4.874773736205899E-003
  5.176139104966281E-002  5.566924038402618E-003
  5.165820192380551E-002  6.257378601609235E-003
  5.154297842048832E-002  6.945927106677213E-003
  5.141575563790656E-002  7.632359815061792E-003
  5.127657232935223E-002  8.316467632710373E-003
  5.112547089140941E-002  8.998042173754600E-003
  5.096249735103986E-002  9.676875823986710E-003
  5.078770135156273E-002  1.035276180410083E-002
  5.060113613753275E-002  1.102549423267997E-002
  5.040285853852142E-002  1.169486818890947E-002
  5.019292895180615E-002  1.236067977499790E-002
  4.997141132397268E-002  1.302272617828627E-002
  4.973837313143634E-002  1.368080573302675E-002
  4.949388535988807E-002  1.433471798181201E-002
  4.923802248267150E-002  1.498426373663648E-002
  4.897086243809762E-002  1.562924513957095E-002
  4.869248660570404E-002  1.626946572303201E-002
  4.840297978146600E-002  1.690473046962798E-002
  4.810243015196668E-002  1.753484587156310E-002
  4.779092926753472E-002  1.815961998958187E-002
  4.746857201435708E-002  1.877886251143563E-002
  4.713545658557583E-002  1.939238480985348E-002
  4.679168445137755E-002  2.000000000000000E-002
  4.643736032808449E-002  2.060152299640217E-002
  4.607259214625704E-002  2.119677056932820E-002
  4.569749101781696E-002  2.178556140060109E-002
  4.531217120220166E-002  2.236771613882988E-002
  4.491675007155967E-002  2.294305745404184E-002
  4.451134807499790E-002  2.351141009169893E-002
  4.409608870189172E-002  2.407260092608193E-002
  4.367109844426888E-002  2.462645901302633E-002
  4.323650675827884E-002  2.517281564199350E-002
  4.279244602475912E-002  2.571150438746157E-002
  4.233905150891089E-002  2.624236115962029E-002
  4.187646131909577E-002  2.676522425435433E-002
  4.140481636476682E-002  2.727993440249994E-002
  4.092426031354605E-002  2.778633481835989E-002
  4.043493954746191E-002  2.828427124746190E-002
  3.993700311835990E-002  2.877359201354604E-002
  3.943060270249994E-002  2.925414806476682E-002
  3.891589255435433E-002  2.972579301909577E-002
  3.839302945962030E-002  3.018838320891088E-002
  3.786217268746157E-002  3.064177772475912E-002
  3.732348394199350E-002  3.108583845827883E-002
  3.677712731302633E-002  3.152043014426888E-002
  3.622326922608193E-002  3.194542040189172E-002
  3.566207839169892E-002  3.236067977499790E-002
  3.509372575404185E-002  3.276608177155967E-002
  3.451838443882987E-002  3.316150290220167E-002
  3.393622970060109E-002  3.354682271781696E-002
  3.334743886932820E-002  3.392192384625704E-002
  3.275219129640218E-002  3.428669202808449E-002
  3.215066830000000E-002  3.464101615137755E-002
  3.154305310985349E-002  3.498478828557583E-002
  3.092953081143563E-002  3.531790371435708E-002
  3.031028828958187E-002  3.564026096753471E-002
  2.968551417156310E-002  3.595176185196668E-002
  2.905539876962798E-002  3.625231148146600E-002
  2.842013402303201E-002  3.654181830570404E-002
  2.777991343957096E-002  3.682019413809761E-002
  2.713493203663648E-002  3.708735418267150E-002
  2.648538628181202E-002  3.734321705988807E-002
  2.583147403302676E-002  3.758770483143634E-002
  2.517339447828627E-002  3.782074302397267E-002
  2.451134807499790E-002  3.804226065180615E-002
  2.384553648890947E-002  3.825219023852142E-002
  2.317616253267997E-002  3.845046783753275E-002
  2.250343010410083E-002  3.863703305156273E-002
  2.182754412398671E-002  3.881182905103986E-002
  2.114871047375460E-002  3.897480259140941E-002
  2.046713593271038E-002  3.912590402935223E-002
  1.978302811506180E-002  3.926508733790656E-002
  1.909659540667722E-002  3.939231012048832E-002
  1.840804690160924E-002  3.950753362380551E-002
  1.771759233840263E-002  3.961072274966281E-002
  1.702544203620590E-002  3.970184606565288E-002
  1.633180683070614E-002  3.978087581473094E-002
  1.563689800990633E-002  3.984778792366982E-002
  1.494092724976502E-002  3.990256201039297E-002
  1.424410654971776E-002  3.994518139018295E-002
  1.354664816810004E-002  3.997563308076383E-002
  1.284876455749133E-002  3.999390780625565E-002
  1.215066830000000E-002  4.000000000000000E-002
  1.145257204250866E-002  3.999390780625565E-002
  1.075468843189997E-002  3.997563308076383E-002
  1.005723005028226E-002  3.994518139018295E-002
  9.360409350234987E-003  3.990256201039297E-002
  8.664438590093672E-003  3.984778792366982E-002
  7.969529769293868E-003  3.978087581473094E-002
  7.275894563794106E-003  3.970184606565288E-002
  6.583744261597386E-003  3.961072274966281E-002
  5.893289698390759E-003  3.950753362380550E-002
  5.204741193322788E-003  3.939231012048832E-002
  4.518308484938208E-003  3.926508733790656E-002
  3.834200667289636E-003  3.912590402935223E-002
  3.152626126245409E-003  3.897480259140941E-002
  2.473792476013289E-003  3.881182905103986E-002
  1.797906495899166E-003  3.863703305156273E-002
  1.125174067320038E-003  3.845046783753275E-002
  4.558001110905336E-004  3.825219023852142E-002
 -2.100114749978930E-004  3.804226065180615E-002
 -8.720578782862570E-004  3.782074302397267E-002
 -1.530137433026749E-003  3.758770483143634E-002
 -2.184049681812010E-003  3.734321705988807E-002
 -2.833595436636483E-003  3.708735418267150E-002
 -3.478576839570945E-003  3.682019413809762E-002
 -4.118797423032002E-003  3.654181830570404E-002
 -4.754062169627975E-003  3.625231148146600E-002
 -5.384177571563099E-003  3.595176185196668E-002
 -6.008951689581869E-003  3.564026096753472E-002
 -6.628194211435619E-003  3.531790371435709E-002
 -7.241716509853481E-003  3.498478828557584E-002
 -7.849331699999990E-003  3.464101615137755E-002
 -8.450854696402169E-003  3.428669202808449E-002
 -9.046102269328192E-003  3.392192384625704E-002
 -9.634893100601085E-003  3.354682271781696E-002
 -1.021704783882987E-002  3.316150290220167E-002
 -1.079238915404183E-002  3.276608177155968E-002
 -1.136074179169892E-002  3.236067977499790E-002
 -1.192193262608194E-002  3.194542040189171E-002
 -1.247579071302633E-002  3.152043014426888E-002
 -1.302214734199349E-002  3.108583845827884E-002
 -1.356083608746158E-002  3.064177772475912E-002
 -1.409169285962030E-002  3.018838320891087E-002
 -1.461455595435433E-002  2.972579301909577E-002
 -1.512926610249993E-002  2.925414806476682E-002
 -1.563566651835988E-002  2.877359201354606E-002
 -1.613360294746190E-002  2.828427124746190E-002
 -1.662292371354605E-002  2.778633481835989E-002
 -1.710347976476682E-002  2.727993440249995E-002
 -1.757512471909576E-002  2.676522425435433E-002
 -1.803771490891088E-002  2.624236115962029E-002
 -1.849110942475912E-002  2.571150438746158E-002
 -1.893517015827883E-002  2.517281564199351E-002
 -1.936976184426888E-002  2.462645901302634E-002
 -1.979475210189172E-002  2.407260092608193E-002
 -2.021001147499790E-002  2.351141009169893E-002
 -2.061541347155967E-002  2.294305745404186E-002
 -2.101083460220166E-002  2.236771613882988E-002
 -2.139615441781697E-002  2.178556140060108E-002
 -2.177125554625704E-002  2.119677056932820E-002
 -2.213602372808449E-002  2.060152299640218E-002
 -2.249034785137755E-002  2.000000000000000E-002
 -2.283411998557583E-002  1.939238480985349E-002
 -2.316723541435707E-002  1.877886251143564E-002
 -2.348959266753471E-002  1.815961998958187E-002
 -2.380109355196668E-002  1.753484587156309E-002
 -2.410164318146600E-002  1.690473046962798E-002
 -2.439115000570403E-002  1.626946572303202E-002
 -2.466952583809761E-002  1.562924513957097E-002
 -2.493668588267149E-002  1.498426373663649E-002
 -2.519254875988807E-002  1.433471798181201E-002
 -2.543703653143634E-002  1.368080573302675E-002
 -2.567007472397267E-002  1.302272617828628E-002
 -2.589159235180614E-002  1.236067977499790E-002
 -2.610152193852142E-002  1.169486818890948E-002
 -2.629979953753275E-002  1.102549423267999E-002
 -2.648636475156273E-002  1.035276180410084E-002
 -2.666116075103986E-002  9.676875823986710E-003
 -2.682413429140941E-002  8.998042173754592E-003
 -2.697523572935222E-002  8.316467632710373E-003
 -2.711441903790656E-002  7.632359815061799E-003
 -2.724164182048832E-002  6.945927106677212E-003
 -2.735686532380550E-002  6.257378601609239E-003
 -2.746005444966281E-002  5.566924038402630E-003
 -2.755117776565288E-002  4.874773736205902E-003
 -2.763020751473094E-002  4.181138530706149E-003
 -2.769711962366982E-002  3.486229709906345E-003
 -2.775189371039297E-002  2.790258949765021E-003
 -2.779451309018295E-002  2.093438249717753E-003
 -2.782496478076383E-002  1.395979868100028E-003
 -2.784323950625565E-002  6.980962574913375E-004
 -2.784933170000000E-002  4.898587196589413E-018
 -2.784323950625565E-002 -6.980962574913277E-004
 -2.782496478076383E-002 -1.395979868100036E-003
 -2.779451309018295E-002 -2.093438249717742E-003
 -2.775189371039297E-002 -2.790258949764993E-003
 -2.769711962366982E-002 -3.486229709906318E-003
 -2.763020751473094E-002 -4.181138530706122E-003
 -2.755117776565288E-002 -4.874773736205909E-003
 -2.746005444966281E-002 -5.566924038402621E-003
 -2.735686532380551E-002 -6.257378601609230E-003
 -2.724164182048832E-002 -6.945927106677219E-003
 -2.711441903790656E-002 -7.632359815061789E-003
 -2.697523572935222E-002 -8.316467632710363E-003
 -2.682413429140941E-002 -8.998042173754599E-003
 -2.666116075103986E-002 -9.676875823986700E-003
 -2.648636475156273E-002 -1.035276180410081E-002
 -2.629979953753275E-002 -1.102549423267996E-002
 -2.610152193852142E-002 -1.169486818890945E-002
 -2.589159235180614E-002 -1.236067977499791E-002
 -2.567007472397267E-002 -1.302272617828627E-002
 -2.543703653143634E-002 -1.368080573302675E-002
 -2.519254875988807E-002 -1.433471798181202E-002
 -2.493668588267150E-002 -1.498426373663648E-002
 -2.466952583809762E-002 -1.562924513957094E-002
 -2.439115000570404E-002 -1.626946572303199E-002
 -2.410164318146600E-002 -1.690473046962797E-002
 -2.380109355196668E-002 -1.753484587156308E-002
 -2.348959266753473E-002 -1.815961998958185E-002
 -2.316723541435708E-002 -1.877886251143563E-002
 -2.283411998557584E-002 -1.939238480985348E-002
 -2.249034785137755E-002 -2.000000000000000E-002
 -2.213602372808449E-002 -2.060152299640217E-002
 -2.177125554625704E-002 -2.119677056932819E-002
 -2.139615441781696E-002 -2.178556140060109E-002
 -2.101083460220168E-002 -2.236771613882987E-002
 -2.061541347155968E-002 -2.294305745404183E-002
 -2.021001147499790E-002 -2.351141009169892E-002
 -1.979475210189172E-002 -2.407260092608192E-002
 -1.936976184426889E-002 -2.462645901302632E-002
 -1.893517015827883E-002 -2.517281564199350E-002
 -1.849110942475912E-002 -2.571150438746157E-002
 -1.803771490891088E-002 -2.624236115962029E-002
 -1.757512471909577E-002 -2.676522425435433E-002
 -1.710347976476682E-002 -2.727993440249993E-002
 -1.662292371354604E-002 -2.778633481835990E-002
 -1.613360294746191E-002 -2.828427124746190E-002
 -1.563566651835990E-002 -2.877359201354604E-002
 -1.512926610249996E-002 -2.925414806476681E-002
 -1.461455595435434E-002 -2.972579301909576E-002
 -1.409169285962030E-002 -3.018838320891087E-002
 -1.356083608746158E-002 -3.064177772475912E-002
 -1.302214734199349E-002 -3.108583845827885E-002
 -1.247579071302632E-002 -3.152043014426888E-002
 -1.192193262608193E-002 -3.194542040189172E-002
 -1.136074179169893E-002 -3.236067977499790E-002
 -1.079238915404186E-002 -3.276608177155967E-002
 -1.021704783882989E-002 -3.316150290220166E-002
 -9.634893100601078E-003 -3.354682271781696E-002
 -9.046102269328199E-003 -3.392192384625704E-002
 -8.450854696402180E-003 -3.428669202808449E-002
 -7.849331700000017E-003 -3.464101615137754E-002
 -7.241716509853474E-003 -3.498478828557584E-002
 -6.628194211435630E-003 -3.531790371435708E-002
 -6.008951689581876E-003 -3.564026096753471E-002
 -5.384177571563110E-003 -3.595176185196668E-002
 -4.754062169627999E-003 -3.625231148146599E-002
 -4.118797423032002E-003 -3.654181830570404E-002
 -3.478576839570952E-003 -3.682019413809761E-002
 -2.833595436636492E-003 -3.708735418267149E-002
 -2.184049681812029E-003 -3.734321705988806E-002
 -1.530137433026775E-003 -3.758770483143633E-002
 -8.720578782862656E-004 -3.782074302397267E-002
 -2.100114749979017E-004 -3.804226065180615E-002
  4.558001110905163E-004 -3.825219023852142E-002
  1.125174067320045E-003 -3.845046783753276E-002
  1.797906495899174E-003 -3.863703305156273E-002
  2.473792476013289E-003 -3.881182905103986E-002
  3.152626126245390E-003 -3.897480259140940E-002
  3.834200667289608E-003 -3.912590402935223E-002
  4.518308484938181E-003 -3.926508733790655E-002
  5.204741193322787E-003 -3.939231012048832E-002
  5.893289698390759E-003 -3.950753362380550E-002
  6.583744261597402E-003 -3.961072274966281E-002
  7.275894563794114E-003 -3.970184606565288E-002
  7.969529769293866E-003 -3.978087581473094E-002
  8.664438590093670E-003 -3.984778792366982E-002
  9.360409350234977E-003 -3.990256201039297E-002
  1.005723005028223E-002 -3.994518139018295E-002
  1.075468843189993E-002 -3.997563308076383E-002
  1.145257204250866E-002 -3.999390780625565E-002
  1.215066829999999E-002 -4.000000000000000E-002
  1.284876455749133E-002 -3.999390780625565E-002
  1.354664816810005E-002 -3.997563308076383E-002
  1.424410654971776E-002 -3.994518139018295E-002
  1.494092724976501E-002 -3.990256201039297E-002
  1.563689800990632E-002 -3.984778792366982E-002
  1.633180683070612E-002 -3.978087581473094E-002
  1.702544203620591E-002 -3.970184606565288E-002
  1.771759233840262E-002 -3.961072274966281E-002
  1.840804690160923E-002 -3.950753362380551E-002
  1.909659540667720E-002 -3.939231012048833E-002
  1.978302811506177E-002 -3.926508733790656E-002
  2.046713593271034E-002 -3.912590402935223E-002
  2.114871047375460E-002 -3.897480259140941E-002
  2.182754412398670E-002 -3.881182905103987E-002
  2.250343010410084E-002 -3.863703305156273E-002
  2.317616253267998E-002 -3.845046783753275E-002
  2.384553648890947E-002 -3.825219023852142E-002
  2.451134807499789E-002 -3.804226065180615E-002
  2.517339447828625E-002 -3.782074302397268E-002
  2.583147403302673E-002 -3.758770483143634E-002
  2.648538628181198E-002 -3.734321705988809E-002
  2.713493203663648E-002 -3.708735418267150E-002
  2.777991343957094E-002 -3.682019413809762E-002
  2.842013402303202E-002 -3.654181830570403E-002
  2.905539876962799E-002 -3.625231148146600E-002
  2.968551417156310E-002 -3.595176185196668E-002
  3.031028828958187E-002 -3.564026096753472E-002
  3.092953081143562E-002 -3.531790371435709E-002
  3.154305310985346E-002 -3.498478828557584E-002
  3.215066830000000E-002 -3.464101615137755E-002
  3.275219129640217E-002 -3.428669202808449E-002
  3.334743886932819E-002 -3.392192384625705E-002
  3.393622970060106E-002 -3.354682271781697E-002
  3.451838443882985E-002 -3.316150290220168E-002
  3.509372575404184E-002 -3.276608177155967E-002
  3.566207839169892E-002 -3.236067977499790E-002
  3.622326922608192E-002 -3.194542040189172E-002
  3.677712731302634E-002 -3.152043014426887E-002
  3.732348394199350E-002 -3.108583845827883E-002
  3.786217268746157E-002 -3.064177772475913E-002
  3.839302945962028E-002 -3.018838320891089E-002
  3.891589255435431E-002 -2.972579301909578E-002
  3.943060270249992E-002 -2.925414806476684E-002
  3.993700311835986E-002 -2.877359201354607E-002
  4.043493954746190E-002 -2.828427124746191E-002
  4.092426031354604E-002 -2.778633481835990E-002
  4.140481636476682E-002 -2.727993440249993E-002
  4.187646131909577E-002 -2.676522425435433E-002
  4.233905150891087E-002 -2.624236115962029E-002
  4.279244602475911E-002 -2.571150438746158E-002
  4.323650675827882E-002 -2.517281564199352E-002
  4.367109844426886E-002 -2.462645901302635E-002
  4.409608870189172E-002 -2.407260092608193E-002
  4.451134807499790E-002 -2.351141009169894E-002
  4.491675007155967E-002 -2.294305745404186E-002
  4.531217120220166E-002 -2.236771613882989E-002
  4.569749101781696E-002 -2.178556140060108E-002
  4.607259214625702E-002 -2.119677056932823E-002
  4.643736032808449E-002 -2.060152299640218E-002
  4.679168445137754E-002 -2.000000000000002E-002
  4.713545658557584E-002 -1.939238480985347E-002
  4.746857201435708E-002 -1.877886251143563E-002
  4.779092926753471E-002 -1.815961998958188E-002
  4.810243015196668E-002 -1.753484587156308E-002
  4.840297978146599E-002 -1.690473046962800E-002
  4.869248660570404E-002 -1.626946572303201E-002
  4.897086243809760E-002 -1.562924513957099E-002
  4.923802248267149E-002 -1.498426373663649E-002
  4.949388535988807E-002 -1.433471798181203E-002
  4.973837313143634E-002 -1.368080573302674E-002
  4.997141132397266E-002 -1.302272617828630E-002
  5.019292895180615E-002 -1.236067977499791E-002
  5.040285853852143E-002 -1.169486818890945E-002
  5.060113613753275E-002 -1.102549423267999E-002
  5.078770135156273E-002 -1.035276180410083E-002
  5.096249735103986E-002 -9.676875823986715E-003
  5.112547089140940E-002 -8.998042173754614E-003
  5.127657232935223E-002 -8.316467632710395E-003
  5.141575563790656E-002 -7.632359815061787E-003
  5.154297842048832E-002 -6.945927106677251E-003
  5.165820192380551E-002 -6.257378601609245E-003
  5.176139104966281E-002 -5.566924038402635E-003
  5.185251436565288E-002 -4.874773736205925E-003
  5.193154411473094E-002 -4.181138530706137E-003
  5.199845622366982E-002 -3.486229709906333E-003
  5.205323031039297E-002 -2.790258949764991E-003
  5.209584969018295E-002 -2.093438249717775E-003
  5.212630138076383E-002 -1.395979868100033E-003
  5.214457610625566E-002 -6.980962574913780E-004
  5.215066830000000E-002 -9.797174393178826E-018
